   3.0813047e-01   1.3656595e-01   2.0000000e+00
  -1.7220950e-01  -1.6469069e-01   1.0000000e+00
  -4.2208648e-01  -2.4076609e-01   1.0000000e+00
   1.2727608e-01  -4.6275998e-02   2.0000000e+00
  -1.7976933e-01  -2.4675932e-01   1.0000000e+00
   1.2638142e-01   2.0655146e-01   1.0000000e+00
  -6.0780287e-02  -1.7131225e-01   2.0000000e+00
   2.3002714e-01   2.0186320e-01   3.0000000e+00
  -4.5433877e-01  -1.9900679e-01   1.0000000e+00
  -1.1562260e-01  -4.2941053e-02   1.0000000e+00
   3.5791799e-01   1.1626629e-01   2.0000000e+00
  -1.5570312e-01  -5.4105867e-02   1.0000000e+00
   3.1372206e-01   2.6561380e-01   3.0000000e+00
   3.0161337e-02  -4.0282764e-02   1.0000000e+00
   3.2070037e-01   2.7992023e-01   3.0000000e+00
   3.4463237e-01   3.1496131e-01   3.0000000e+00
  -2.6046716e-01  -7.3293881e-02   1.0000000e+00
  -4.6722180e-01  -3.0026343e-01   1.0000000e+00
   2.4438634e-01   2.5348234e-01   3.0000000e+00
   1.7907657e-01   1.8924841e-01   3.0000000e+00
   7.0018192e-02   9.9301576e-02   3.0000000e+00
  -4.1121643e-01  -1.7329388e-01   1.0000000e+00
  -2.9109519e-02   3.2699353e-02   1.0000000e+00
   3.6534362e-01   2.4067422e-01   2.0000000e+00
   2.8974532e-01   2.6044222e-01   3.0000000e+00
   5.6478055e-03  -1.0123267e-02   2.0000000e+00
   2.8598777e-01   3.0548814e-01   3.0000000e+00
  -7.4468500e-02   8.6155128e-02   1.0000000e+00
   1.2715576e-02  -6.3869038e-02   1.0000000e+00
  -4.6552196e-01  -2.2370471e-01   1.0000000e+00
  -2.2758861e-01  -1.0978494e-01   1.0000000e+00
  -1.9581450e-02  -2.0517348e-03   1.0000000e+00
  -1.8987892e-01  -1.5860079e-01   1.0000000e+00
   1.8560755e-01   1.8132188e-01   3.0000000e+00
   5.9819132e-02   1.2496356e-02   1.0000000e+00
  -1.9144457e-01  -1.8876029e-01   1.0000000e+00
  -8.2193383e-03   3.7967598e-02   1.0000000e+00
   8.8850668e-02  -1.6358163e-02   2.0000000e+00
   2.7401786e-03  -2.2641392e-02   2.0000000e+00
  -1.6491806e-01  -6.9088951e-02   1.0000000e+00
  -4.1971565e-01  -4.4347271e-01   1.0000000e+00
  -4.5773846e-01  -4.2085309e-01   1.0000000e+00
   1.4499023e-01   1.2303285e-01   3.0000000e+00
   2.0860017e-01   1.7837359e-01   3.0000000e+00
  -1.7238843e-01  -1.4820930e-01   1.0000000e+00
  -2.2512831e-01  -1.2815130e-01   1.0000000e+00
  -4.6471677e-01  -4.3346788e-01   1.0000000e+00
  -9.2316856e-02  -7.8033056e-03   1.0000000e+00
   1.8363931e-01   1.5430399e-01   3.0000000e+00
   2.1043421e-01   3.4019089e-01   3.0000000e+00
   2.1035862e-02  -2.6073001e-02   1.0000000e+00
   1.9907210e-01   5.2032364e-02   2.0000000e+00
  -2.1059017e-01  -4.2747723e-02   1.0000000e+00
  -9.5895473e-02   6.7692103e-02   1.0000000e+00
   1.8623380e-01   1.8132188e-01   3.0000000e+00
  -1.2810303e-01  -2.2549301e-01   2.0000000e+00
  -1.5726877e-01  -8.0398762e-02   1.0000000e+00
   1.9450936e-01   1.5991057e-01   3.0000000e+00
   2.7359681e-01   2.1655629e-01   3.0000000e+00
   4.0251652e-01   3.4961574e-01   3.0000000e+00
   7.9948857e-02  -7.4405529e-02   2.0000000e+00
   6.8586745e-02   3.7484273e-02   2.0000000e+00
   2.5319869e-01   3.0601980e-01   3.0000000e+00
   7.2120630e-02  -7.8658791e-02   2.0000000e+00
   1.7500589e-01   1.4932574e-01   3.0000000e+00
   6.3487215e-02   2.0084563e-02   1.0000000e+00
  -4.7173980e-01  -2.6009910e-01   1.0000000e+00
  -1.9533631e-01  -2.5067426e-01   1.0000000e+00
  -9.6969059e-02   6.2955515e-02   1.0000000e+00
  -1.3919675e-01  -2.0422670e-01   1.0000000e+00
  -4.6959263e-01  -4.5289755e-01   1.0000000e+00
   1.8788891e-01   1.7064039e-01   3.0000000e+00
   3.3479117e-01   1.8499515e-01   2.0000000e+00
  -2.2749914e-01  -3.0635333e-01   1.0000000e+00
   2.4420741e-01   3.2100288e-01   1.0000000e+00
   1.7218773e-01   1.3120104e-01   3.0000000e+00
   1.6163081e-01   2.2883275e-01   3.0000000e+00
  -4.0356714e-01  -2.3356454e-01   1.0000000e+00
  -4.1349780e-01  -1.9219190e-01   1.0000000e+00
  -1.2506121e-01  -2.1858146e-01   2.0000000e+00
   3.6784866e-01   3.9567664e-01   3.0000000e+00
   3.3426826e-02   1.3013773e-01   1.0000000e+00
   2.9251875e-01   3.5894392e-01   2.0000000e+00
  -4.6221173e-01  -4.5681249e-01   1.0000000e+00
  -2.0777201e-01  -1.2322138e-01   1.0000000e+00
   2.0318751e-01   2.1138471e-01   3.0000000e+00
   2.6380034e-01   2.2578780e-01   3.0000000e+00
   1.5948364e-01   1.1162637e-01   3.0000000e+00
  -4.8274405e-01  -2.2921462e-01   1.0000000e+00
   3.6771446e-01   2.3294102e-01   2.0000000e+00
   1.2691821e-01   1.6421216e-01   3.0000000e+00
   2.3630360e-02  -4.0379429e-02   2.0000000e+00
  -5.1341682e-02   9.9591571e-02   1.0000000e+00
   1.4736107e-01   1.6638712e-01   3.0000000e+00
   3.2821546e-01   1.9920491e-01   2.0000000e+00
  -2.8878297e-01  -1.1437653e-01   1.0000000e+00
   3.3640155e-01   1.5720394e-01   2.0000000e+00
  -2.5451771e-01  -1.7928711e-01   1.0000000e+00
  -4.1855260e-01  -4.5748914e-01   1.0000000e+00
  -3.9845373e-02  -1.4100775e-01   2.0000000e+00
  -2.1206635e-01  -1.9199857e-01   1.0000000e+00
  -4.8471229e-01  -4.5396087e-01   1.0000000e+00
  -1.2188518e-01  -2.0137508e-01   2.0000000e+00
  -3.6500753e-01  -2.0485502e-01   1.0000000e+00
  -1.5644970e-02  -1.5207590e-01   2.0000000e+00
   9.3413406e-02   1.9949491e-01   1.0000000e+00
  -1.7466980e-01  -1.2157808e-01   1.0000000e+00
  -5.3117113e-03   1.2970274e-01   1.0000000e+00
  -2.2338373e-01  -1.7745048e-01   1.0000000e+00
  -3.7149377e-01  -4.2984294e-01   1.0000000e+00
  -1.1177559e-01  -1.8837363e-01   1.0000000e+00
  -1.6854141e-01  -2.6986227e-01   2.0000000e+00
  -4.5168567e-02  -3.3612875e-02   1.0000000e+00
  -3.2362976e-01  -3.8851863e-01   1.0000000e+00
   1.8820204e-01   5.3289009e-02   2.0000000e+00
   4.3221904e-01   3.6242386e-01   3.0000000e+00
   2.3924208e-01   2.7527772e-02   2.0000000e+00
  -4.5022336e-01  -3.1137991e-01   1.0000000e+00
   3.9178066e-01   2.4835909e-01   2.0000000e+00
   1.1135123e-01  -1.2491561e-02   2.0000000e+00
  -3.7909834e-01  -4.0205173e-01   1.0000000e+00
  -2.6001983e-01  -2.7015227e-01   1.0000000e+00
  -3.1897756e-01  -2.8097875e-01   1.0000000e+00
  -3.4343248e-02  -1.5729840e-02   1.0000000e+00
   2.9726042e-01   8.6445124e-02   2.0000000e+00
  -1.2009588e-01   3.9417574e-02   1.0000000e+00
   1.0745948e-01   9.2390024e-02   3.0000000e+00
   1.0468605e-01   1.8818509e-01   1.0000000e+00
  -8.0775813e-02  -1.9460853e-01   1.0000000e+00
   8.2185493e-02   7.0398724e-02   3.0000000e+00
   1.5138701e-01   1.8175687e-01   3.0000000e+00
   3.3993544e-01   1.5401400e-01   2.0000000e+00
   6.8944607e-02   1.0645479e-01   3.0000000e+00
  -3.7314888e-01  -2.2317305e-01   1.0000000e+00
   1.4816626e-01   2.4826243e-01   3.0000000e+00
   1.9813271e-01   2.6000723e-01   3.0000000e+00
   6.5723851e-02   1.2815610e-01   3.0000000e+00
   2.3123492e-01   1.7064039e-01   3.0000000e+00
   3.2387639e-01   2.0650312e-01   2.0000000e+00
  -4.6465816e-02  -1.1863238e-02   1.0000000e+00
   2.4270496e-03  -1.4371437e-01   2.0000000e+00
  -4.7621308e-01  -4.2457469e-01   1.0000000e+00
   3.3027317e-01   2.1665295e-01   2.0000000e+00
  -2.1573444e-01  -9.3593542e-02   1.0000000e+00
  -3.6872034e-01  -1.8025376e-01   1.0000000e+00
   2.3096653e-01   2.0964474e-01   3.0000000e+00
   3.7415597e-01   3.3753261e-01   3.0000000e+00
   8.5898309e-02   2.4144495e-02   2.0000000e+00
   2.1759144e-01   8.4364237e-03   2.0000000e+00
   1.6869858e-01   7.4796984e-02   2.0000000e+00
   1.1215642e-01   3.5792634e-02   2.0000000e+00
   3.2584463e-01   2.5396566e-01   3.0000000e+00
  -4.7267919e-01  -2.3617450e-01   1.0000000e+00
  -1.3101066e-01  -3.4241198e-02   1.0000000e+00
   1.3376232e-01   1.3110438e-01   3.0000000e+00
  -3.7024126e-01  -1.7522718e-01   1.0000000e+00
   2.0886856e-01   1.1307635e-01   2.0000000e+00
   2.4326802e-01   1.8156354e-01   3.0000000e+00
  -8.6412136e-02  -4.7580976e-02   1.0000000e+00
   2.5100679e-01   3.1065972e-01   1.0000000e+00
  -2.0933766e-01  -3.0321172e-01   1.0000000e+00
  -1.4411735e-01  -1.2322138e-01   1.0000000e+00
   7.7130695e-02   2.0094488e-01   1.0000000e+00
  -2.0674316e-01  -1.4912762e-01   1.0000000e+00
  -4.4324506e-01  -3.2244806e-01   1.0000000e+00
   2.9310028e-01   2.4632913e-01   3.0000000e+00
  -3.7945620e-01  -3.5555584e-01   1.0000000e+00
   5.9371805e-02   1.5348234e-01   3.0000000e+00
   1.9017028e-01   2.0268485e-01   3.0000000e+00
  -4.3318020e-01  -4.1703482e-01   1.0000000e+00
  -2.2387579e-01  -2.8160708e-01   1.0000000e+00
   8.9387461e-02   5.4013997e-02   3.0000000e+00
  -7.4826361e-02  -1.5178591e-01   1.0000000e+00
   2.9717095e-01   2.6938374e-01   3.0000000e+00
   1.8082114e-01   1.4864650e-02   2.0000000e+00
   2.0126400e-01   1.1655629e-01   3.0000000e+00
  -4.1944725e-01  -4.5231756e-01   1.0000000e+00
   1.4472184e-01   1.6595213e-01   3.0000000e+00
  -3.0081607e-01  -2.0123008e-01   1.0000000e+00
  -1.1047834e-01  -6.7107317e-02   3.0000000e+00
   1.6950377e-01   7.0785385e-02   2.0000000e+00
  -4.8981182e-01  -3.6493235e-01   1.0000000e+00
  -3.0452889e-01  -1.0548334e-01   1.0000000e+00
   1.6395691e-01   8.1080213e-02   2.0000000e+00
  -2.1032178e-01  -2.2201307e-01   1.0000000e+00
  -3.0059241e-01  -2.2766797e-01   1.0000000e+00
  -4.7250026e-01  -2.7522718e-01   1.0000000e+00
   8.5674645e-02  -2.2399729e-02   2.0000000e+00
   3.2040112e-02  -1.2201566e-02   2.0000000e+00
   2.4733870e-01   1.9466165e-01   3.0000000e+00
  -1.7389546e-02  -7.4405529e-02   1.0000000e+00
  -4.5509923e-01  -2.1742148e-01   1.0000000e+00
  -1.5779168e-02  -8.7745307e-02   2.0000000e+00
   1.0258361e-01  -4.8160966e-02   2.0000000e+00
   8.9387461e-02   8.9296743e-02   3.0000000e+00
  -5.6709609e-02   1.2931349e-02   1.0000000e+00
  -2.2038664e-01  -1.2080476e-01   1.0000000e+00
  -2.1773353e-02  -9.0451928e-02   1.0000000e+00
   1.4029330e-01   1.7639196e-01   3.0000000e+00
  -4.0133050e-01  -4.1046159e-01   1.0000000e+00
   1.7048789e-01   2.4391250e-01   1.0000000e+00
   2.1607053e-01   2.3047606e-01   3.0000000e+00
  -2.1202162e-01  -2.8097875e-01   1.0000000e+00
  -1.2524014e-01  -2.4211940e-01   2.0000000e+00
  -2.8975321e-02  -1.2070809e-01   1.0000000e+00
   2.3870529e-01   2.4570080e-01   3.0000000e+00
   1.5331052e-01   2.0021989e-01   3.0000000e+00
  -6.0780287e-02   2.5739469e-02   1.0000000e+00
  -1.1472795e-01   2.2839517e-02   1.0000000e+00
  -1.2443495e-01  -3.1969570e-02   1.0000000e+00
   4.2163584e-03  -8.1510411e-02   2.0000000e+00
   3.4172475e-01   1.5575397e-01   2.0000000e+00
   3.3930918e-01   2.0572980e-01   2.0000000e+00
   7.2581835e-03  -7.2907221e-02   1.0000000e+00
   1.2087930e-01   1.2675445e-01   3.0000000e+00
   3.5496563e-01   3.0389317e-01   3.0000000e+00
  -1.4241750e-01  -2.6304738e-01   1.0000000e+00
   2.9310028e-01   6.5952132e-02   2.0000000e+00
   3.6802759e-01   2.2660945e-01   2.0000000e+00
  -1.1454902e-01  -2.2032143e-01   1.0000000e+00
  -2.6664027e-01  -2.2032143e-01   1.0000000e+00
   2.5789562e-01   2.0974140e-01   3.0000000e+00
  -4.4736047e-01  -2.8407203e-01   1.0000000e+00
  -2.7715246e-01  -2.5164091e-01   1.0000000e+00
   2.9493432e-01   2.1795793e-01   3.0000000e+00
   2.7118124e-01   2.8301351e-01   3.0000000e+00
  -2.4646582e-01  -1.9528518e-01   1.0000000e+00
   4.6742369e-01   3.8103188e-01   3.0000000e+00
  -1.8003772e-01  -1.9344854e-01   1.0000000e+00
   2.1790457e-01   2.1670129e-01   3.0000000e+00
   3.6337538e-01   3.2680278e-01   3.0000000e+00
  -1.3991247e-01  -2.0326005e-01   1.0000000e+00
  -4.5858838e-01  -3.2476802e-01   1.0000000e+00
  -1.6456020e-01  -1.1568151e-01   1.0000000e+00
  -4.2459151e-01  -3.1543985e-01   1.0000000e+00
   1.8037382e-01   1.4168920e-01   3.0000000e+00
   5.1018818e-01   4.8634846e-01   3.0000000e+00
   6.3774068e-04  -3.1244582e-02   2.0000000e+00
   6.5589653e-02   3.6517622e-02   3.0000000e+00
   3.7124834e-01   1.5913725e-01   2.0000000e+00
  -4.2767807e-01  -2.3588450e-01   1.0000000e+00
   2.1799404e-01   1.2917108e-01   2.0000000e+00
   8.9253263e-02  -7.7547143e-02   2.0000000e+00
  -2.7558682e-01  -1.2148141e-01   1.0000000e+00
  -4.5621755e-01  -4.9224023e-01   1.0000000e+00
  -7.3126518e-02  -1.4081442e-01   2.0000000e+00
   3.1618236e-01   1.6807876e-01   2.0000000e+00
   2.8008305e-01   2.5971724e-01   3.0000000e+00
   3.4664535e-01   3.6648379e-01   2.0000000e+00
  -2.5129695e-01  -1.4091109e-01   1.0000000e+00
  -1.8867114e-01  -1.9001694e-01   1.0000000e+00
   2.9408440e-01   2.1897291e-01   3.0000000e+00
   4.8546486e-02  -1.0384004e-01   2.0000000e+00
  -2.5038842e-02  -9.1660241e-02   2.0000000e+00
   1.3649102e-01   1.5512565e-01   3.0000000e+00
   1.7433490e-01   9.5338309e-02   2.0000000e+00
   2.9266683e-02   6.6870450e-02   3.0000000e+00
  -3.9484425e-01  -3.0756164e-01   1.0000000e+00
   1.8082114e-01   1.7673029e-01   3.0000000e+00
   3.1922419e-01   2.5875059e-01   3.0000000e+00
   3.7017476e-01   2.5261235e-01   2.0000000e+00
   2.3606606e-01   2.4478248e-01   3.0000000e+00
   1.7997122e-01   1.5812226e-01   3.0000000e+00
  -1.0403683e-01  -1.2636300e-01   1.0000000e+00
   1.0285201e-01   1.5797726e-01   3.0000000e+00
   2.3441095e-01   3.9659237e-02   2.0000000e+00
  -1.3378409e-01   3.9900899e-02   1.0000000e+00
  -3.8137971e-01  -1.8122042e-01   1.0000000e+00
   3.6871245e-02  -1.0413262e-02   2.0000000e+00
   2.6804995e-01   2.6706378e-01   3.0000000e+00
  -1.7574338e-01  -1.8064043e-01   1.0000000e+00
   2.3038500e-01   1.6227886e-01   3.0000000e+00
   3.0832328e-02   5.9813901e-02   3.0000000e+00
   1.6690927e-01   8.2433524e-02   2.0000000e+00
  -1.1280444e-01  -2.3607783e-01   2.0000000e+00
  -4.9091168e-03   5.9378908e-02   1.0000000e+00
   3.2163975e-01   3.2651279e-01   3.0000000e+00
  -4.1528711e-01  -4.2597634e-01   1.0000000e+00
  -3.8934213e-01  -3.3486952e-01   1.0000000e+00
  -1.9775188e-01  -2.4608267e-01   1.0000000e+00
  -2.0772728e-01  -3.0316338e-01   1.0000000e+00
  -3.6236830e-01  -2.3975111e-01   1.0000000e+00
  -4.4865772e-01  -4.8547368e-01   1.0000000e+00
   1.3291240e-01   1.3820926e-01   3.0000000e+00
  -1.8191650e-01  -1.4274772e-01   1.0000000e+00
   1.5147648e-01   1.7880858e-01   3.0000000e+00
  -1.1835130e-01  -9.2095234e-02   1.0000000e+00
   2.7574398e-01   9.5241644e-02   2.0000000e+00
  -4.4275300e-01  -4.7914212e-01   1.0000000e+00
   6.7557893e-02   1.5174237e-01   1.0000000e+00
  -2.2602296e-01  -2.0016677e-01   1.0000000e+00
  -4.4490017e-01  -3.8170374e-01   1.0000000e+00
  -2.4904644e-02  -2.9794606e-02   1.0000000e+00
  -9.9831953e-02   6.1263877e-02   1.0000000e+00
   3.0124163e-01   2.7455532e-01   3.0000000e+00
  -4.7639201e-01  -3.2529968e-01   1.0000000e+00
   3.6583568e-01   2.6522714e-01   3.0000000e+00
   2.1428122e-01   1.7861525e-01   3.0000000e+00
  -2.5827525e-01  -2.3830113e-01   1.0000000e+00
  -4.5541236e-01  -2.2998794e-01   1.0000000e+00
  -3.7207530e-01  -1.3926778e-01   1.0000000e+00
   4.5172251e-01   3.1157804e-01   3.0000000e+00
  -4.3340386e-01  -3.3124458e-01   1.0000000e+00
   1.2866279e-01   2.1138471e-01   3.0000000e+00
  -2.3383731e-02  -1.3327455e-01   2.0000000e+00
   1.9513562e-01   1.9451666e-01   3.0000000e+00
  -2.8824618e-01  -1.6672066e-01   1.0000000e+00
   2.2166212e-01   3.8644254e-02   2.0000000e+00
   9.9318125e-02   1.3347267e-01   3.0000000e+00
  -1.7050965e-01  -2.8474869e-01   2.0000000e+00
  -3.8905986e-02   2.3129512e-02   1.0000000e+00
   2.3141385e-01   3.0036489e-01   2.0000000e+00
  -3.5892388e-01  -1.3254956e-01   1.0000000e+00
   2.1768091e-01   7.8325259e-02   2.0000000e+00
   8.7285023e-02   1.0050989e-01   3.0000000e+00
  -2.6695340e-01  -1.7672549e-01   1.0000000e+00
  -1.3879415e-01  -2.5154683e-02   1.0000000e+00
   2.3361963e-02   1.3632429e-01   1.0000000e+00
   2.4662298e-01   1.3376267e-01   2.0000000e+00
   6.2100501e-02   5.8557255e-02   3.0000000e+00
   3.2978111e-01   2.6691878e-01   3.0000000e+00
   4.5773057e-02   9.0601721e-02   3.0000000e+00
   4.5294875e-03   9.6014964e-02   1.0000000e+00
  -2.4118735e-01  -1.3491785e-01   1.0000000e+00
  -2.4047163e-01  -1.1229823e-01   1.0000000e+00
  -2.3801133e-01  -1.7430886e-01   1.0000000e+00
   1.8708373e-01   2.0548814e-01   3.0000000e+00
  -4.5782793e-01  -4.7406720e-01   1.0000000e+00
  -1.8597330e-02   2.5932799e-02   1.0000000e+00
   3.7214300e-01   2.0340984e-01   2.0000000e+00
  -2.3702721e-01  -9.5623509e-02   1.0000000e+00
   7.6951764e-02  -2.4671358e-02   2.0000000e+00
   1.5787326e-01   1.0331318e-01   3.0000000e+00
  -4.0247967e-02  -1.0988160e-01   2.0000000e+00
  -3.4868009e-01  -4.0442003e-01   1.0000000e+00
   1.6954850e-01   1.6624213e-01   3.0000000e+00
  -6.2032803e-02  -1.3752781e-01   2.0000000e+00
   2.8902960e-01   3.3492265e-01   2.0000000e+00
  -1.4571385e-02   8.7798434e-02   3.0000000e+00
  -2.6010930e-01  -5.4637525e-02   1.0000000e+00
   1.3443331e-01  -5.7972469e-02   2.0000000e+00
  -2.4042690e-01  -1.8586034e-01   1.0000000e+00
   3.1081443e-01   3.1075639e-01   3.0000000e+00
  -1.8670290e-01  -4.3037718e-02   1.0000000e+00
   1.7035369e-01   1.6967374e-01   3.0000000e+00
  -3.5574786e-01  -2.3399954e-01   1.0000000e+00
  -3.2061879e-02  -3.9557776e-02   1.0000000e+00
   9.7305153e-02   8.2626854e-02   3.0000000e+00
   3.8976769e-01   1.5348234e-01   2.0000000e+00
   2.0694505e-01   2.9470999e-01   2.0000000e+00
   2.4179184e-01   1.9379167e-01   3.0000000e+00
   7.1718036e-02   1.8199594e-02   3.0000000e+00
  -4.2020771e-01  -4.5715082e-01   1.0000000e+00
   1.0965138e-01  -8.3832960e-03   2.0000000e+00
   1.6847491e-01   1.9137504e-01   3.0000000e+00
   1.0710162e-01   1.2240452e-01   3.0000000e+00
  -4.2682815e-01  -3.8213873e-01   1.0000000e+00
  -3.6266755e-02  -1.7527551e-01   2.0000000e+00
  -1.9223588e-02   3.3907666e-02   1.0000000e+00
   8.7150825e-02   2.0350651e-01   1.0000000e+00
   2.2555387e-01   2.7030206e-01   3.0000000e+00
   9.9362858e-02  -3.3467878e-02   2.0000000e+00
   2.9638422e-03  -7.3197216e-02   2.0000000e+00
  -1.5167718e-01  -2.4555101e-01   2.0000000e+00
  -1.3989859e-02  -1.0277672e-01   1.0000000e+00
   1.6364378e-01   1.2975107e-01   3.0000000e+00
  -4.7120301e-01  -4.6150074e-01   1.0000000e+00
   2.2398822e-01   3.9755902e-02   2.0000000e+00
  -3.6961500e-01  -2.4086275e-01   1.0000000e+00
  -2.5523343e-01  -1.2998794e-01   1.0000000e+00
   2.6755789e-01   3.0563314e-01   3.0000000e+00
   1.4400611e-01  -4.5676142e-04   2.0000000e+00
  -1.1830657e-01   3.0379391e-02   1.0000000e+00
   2.4885961e-01   2.3680762e-01   3.0000000e+00
   3.2325013e-01   1.6977040e-01   2.0000000e+00
   4.2000701e-01   3.3613096e-01   3.0000000e+00
  -4.4170569e-03  -2.9504611e-02   2.0000000e+00
   1.9750645e-01   2.6314885e-01   3.0000000e+00
  -1.7645911e-01  -3.1176383e-04   1.0000000e+00
  -1.0173700e-03  -1.3361546e-02   1.0000000e+00
   2.7498352e-01   7.5328642e-02   2.0000000e+00
   6.5231791e-02   6.6435457e-02   3.0000000e+00
   3.4154581e-01   2.1868292e-01   2.0000000e+00
   8.3840604e-02  -1.7759806e-02   2.0000000e+00
   2.5802982e-01   3.1476798e-01   3.0000000e+00
   6.9928727e-02   1.0210486e-01   3.0000000e+00
   1.9093074e-01   1.7871192e-01   3.0000000e+00
  -1.2881876e-01  -1.6904062e-01   1.0000000e+00
  -1.0551301e-01  -1.9214357e-01   1.0000000e+00
   2.6872094e-01   2.1394633e-01   3.0000000e+00
  -6.2748526e-02  -1.1307155e-01   1.0000000e+00
  -4.6449310e-01  -4.3883279e-01   1.0000000e+00
  -2.6834012e-01  -2.3781781e-01   1.0000000e+00
   5.2572431e-02   1.1650796e-01   3.0000000e+00
   3.1488511e-01   2.4154421e-01   3.0000000e+00
   2.1262611e-01   1.0408650e-01   2.0000000e+00
  -3.5793976e-01  -3.7793380e-01   1.0000000e+00
  -3.3669172e-01  -2.2641133e-01   1.0000000e+00
  -3.3423142e-01  -2.4178107e-01   1.0000000e+00
  -1.1020994e-01  -1.7411553e-01   1.0000000e+00
   2.9292135e-01   2.9272835e-01   3.0000000e+00
   1.9128860e-01   1.1815126e-01   3.0000000e+00
  -2.2712740e-02  -1.3293622e-01   2.0000000e+00
  -1.8925266e-01  -1.6203240e-01   1.0000000e+00
   2.8840334e-01   3.4608746e-01   1.0000000e+00
   2.6429240e-01   2.3965924e-01   3.0000000e+00
   2.5064892e-01   8.6203461e-02   2.0000000e+00
  -2.9625334e-01  -2.2418803e-01   1.0000000e+00
   4.0807725e-02   3.8547589e-02   3.0000000e+00
  -1.0913636e-01  -9.2095234e-02   1.0000000e+00
  -6.7221799e-02  -4.3233636e-03   1.0000000e+00
   1.9629867e-01   1.7639196e-01   3.0000000e+00
  -3.1848550e-01  -1.1423153e-01   1.0000000e+00
  -2.6239066e-01  -3.1930645e-01   1.0000000e+00
  -8.6054275e-02  -1.3385454e-01   1.0000000e+00
   1.3662522e-01   3.3231010e-02   2.0000000e+00
   1.8372877e-01   1.5222569e-01   3.0000000e+00
   1.2763394e-01   1.5686562e-01   3.0000000e+00
   3.8158160e-01   3.5169404e-01   3.0000000e+00
  -1.4375949e-01  -3.2984553e-02   1.0000000e+00
   3.2119243e-01   2.8625179e-01   3.0000000e+00
  -4.4015850e-01  -2.1137991e-01   1.0000000e+00
  -3.6379975e-01  -2.2844130e-01   1.0000000e+00
   2.0537941e-01   1.8871675e-01   3.0000000e+00
  -1.4617505e-01  -2.3259789e-01   1.0000000e+00
   8.1648700e-02   5.8264672e-03   2.0000000e+00
   2.0877910e-01   1.5546397e-01   3.0000000e+00
  -4.0656423e-01  -4.1998310e-01   1.0000000e+00
   4.2385402e-01   3.3903091e-01   3.0000000e+00
   2.0918169e-01   2.9253502e-01   2.0000000e+00
  -9.2808916e-02  -2.0417837e-01   2.0000000e+00
  -3.3798896e-01  -2.0886662e-01   1.0000000e+00
   1.4843465e-01   1.5048572e-01   3.0000000e+00
  -1.5650831e-01  -1.7672549e-01   1.0000000e+00
   3.2535257e-01   1.2109955e-01   2.0000000e+00
   3.1600343e-01   1.7049539e-01   2.0000000e+00
  -3.3642332e-01  -2.8909862e-01   1.0000000e+00
  -2.7460270e-01  -3.2119142e-01   1.0000000e+00
  -4.7916544e-01  -2.7725715e-01   1.0000000e+00
   3.1953732e-01   2.0751811e-01   2.0000000e+00
   6.6752704e-02   1.6362958e-02   2.0000000e+00
   1.1085917e-01   3.1346042e-02   2.0000000e+00
   2.4089719e-01   1.2989607e-01   2.0000000e+00
   1.2670843e-02   5.4303993e-02   3.0000000e+00
  -1.1776977e-01   2.3757835e-02   1.0000000e+00
   9.1847761e-02   9.4081663e-02   3.0000000e+00
  -2.1336360e-01  -4.9997602e-02   1.0000000e+00
  -6.6327144e-02  -8.3733707e-02   1.0000000e+00
  -3.4611644e-02   1.1568630e-01   1.0000000e+00
   2.8437740e-01   2.2984773e-01   3.0000000e+00
  -1.1177559e-01  -1.5033593e-01   1.0000000e+00
   2.7001819e-01   3.0171820e-01   3.0000000e+00
  -4.2530724e-01  -2.9910345e-01   1.0000000e+00
   2.2832730e-01   1.8141854e-01   3.0000000e+00
  -2.1121643e-01  -2.0016677e-01   1.0000000e+00
  -3.3655752e-01  -2.5613583e-01   1.0000000e+00
  -4.2485991e-01  -3.5531418e-01   1.0000000e+00
   1.3573056e-01  -1.8194799e-02   2.0000000e+00
   3.9553821e-01   2.4579747e-01   2.0000000e+00
   2.1718885e-01   1.5092072e-01   3.0000000e+00
   2.3584239e-01   2.2535281e-01   3.0000000e+00
  -2.3832446e-01  -2.5661916e-01   1.0000000e+00
   1.4504884e-02  -6.5657341e-02   1.0000000e+00
   2.1575740e-01   1.9567664e-01   3.0000000e+00
  -3.0493148e-01  -2.1519818e-01   1.0000000e+00
   2.9148990e-01   2.7847026e-01   3.0000000e+00
  -3.8920793e-01  -1.6372404e-01   1.0000000e+00
   1.5013450e-01   1.3410100e-01   3.0000000e+00
  -4.5168567e-02  -8.4603692e-02   1.0000000e+00
  -3.9614150e-01  -2.0548334e-01   1.0000000e+00
  -2.6968210e-01  -3.0335671e-01   1.0000000e+00
  -1.1056781e-01  -6.5319014e-02   1.0000000e+00
  -2.1117170e-01  -1.8223540e-01   1.0000000e+00
   1.6601461e-01   4.7875766e-02   2.0000000e+00
   1.6113875e-01   1.5150071e-01   3.0000000e+00
  -2.8551748e-01  -1.4158774e-01   1.0000000e+00
  -3.9220502e-01  -1.5154424e-01   1.0000000e+00
  -4.8243092e-01  -5.1365154e-01   1.0000000e+00
  -4.7402117e-01  -4.3588450e-01   1.0000000e+00
   2.6831835e-01   1.1138471e-01   2.0000000e+00
   2.9198196e-01   2.2114788e-01   3.0000000e+00
   1.0777261e-01   1.7180037e-01   3.0000000e+00
  -1.4429628e-01  -1.8668199e-01   1.0000000e+00
   1.2044585e-02  -7.9966358e-03   2.0000000e+00
   1.4281221e-02  -8.9291947e-02   2.0000000e+00
   3.5997570e-01   2.5043739e-01   2.0000000e+00
   3.5501036e-01   1.6319718e-01   2.0000000e+00
  -2.1291627e-01  -1.7856213e-01   1.0000000e+00
   1.1407992e-01   1.2037456e-01   3.0000000e+00
   1.0446239e-01   1.8823343e-01   1.0000000e+00
  -4.0057004e-01  -4.4593767e-01   1.0000000e+00
   3.0705689e-01   1.3825759e-01   2.0000000e+00
  -2.7862864e-01  -3.5091592e-01   1.0000000e+00
  -4.3215134e-01  -2.6372404e-01   1.0000000e+00
  -3.2106612e-02   1.1926291e-01   1.0000000e+00
  -8.7351523e-02   4.1831613e-03   1.0000000e+00
   2.2389876e-01   2.0920974e-01   3.0000000e+00
   3.8967822e-01   3.6566214e-01   3.0000000e+00
   2.2219891e-01   6.9673736e-02   2.0000000e+00
  -3.1705405e-01  -1.3525618e-01   1.0000000e+00
   9.7528817e-02  -2.6343131e-04   2.0000000e+00
  -1.5740297e-01  -1.8334705e-01   1.0000000e+00
   1.1976098e-01   2.2090622e-01   1.0000000e+00
   3.2915485e-01   3.6532381e-01   2.0000000e+00
  -4.7263446e-01  -3.5328421e-01   1.0000000e+00
  -1.0099500e-01   2.2742852e-02   1.0000000e+00
   3.4288780e-01   3.6614546e-01   2.0000000e+00
  -2.1242421e-01  -1.8349204e-01   1.0000000e+00
   2.3047447e-01   1.8968340e-01   3.0000000e+00
   2.5158831e-01   2.3468099e-01   3.0000000e+00
  -4.2350405e-02  -1.8460369e-01   2.0000000e+00
   4.3536421e-02  -3.5449512e-02   2.0000000e+00
  -2.9764005e-01  -1.0649833e-01   1.0000000e+00
   3.0276254e-01   1.3961090e-01   2.0000000e+00
  -1.5467427e-01  -3.7721140e-02   1.0000000e+00
  -7.5631550e-02   2.5884466e-02   1.0000000e+00
  -1.1468322e-01  -1.6599826e-02   3.0000000e+00
   3.5008976e-01   3.7900191e-01   2.0000000e+00
  -1.4313323e-01  -1.6377237e-01   1.0000000e+00
   1.9155700e-01   1.4536247e-01   3.0000000e+00
  -2.8507015e-01  -1.2433303e-01   1.0000000e+00
  -3.9014732e-01  -4.2288305e-01   1.0000000e+00
  -6.8773566e-03  -1.5908412e-01   2.0000000e+00
   2.7265742e-01   3.3970757e-01   2.0000000e+00
   3.1573503e-01   2.3521264e-01   3.0000000e+00
  -1.3989859e-02  -8.0108767e-02   2.0000000e+00
   3.9240692e-01   2.2912275e-01   2.0000000e+00
  -1.3184670e-02   1.2549781e-01   1.0000000e+00
   3.3049683e-01   2.6986707e-01   3.0000000e+00
   3.1045657e-01   3.0253986e-01   3.0000000e+00
  -2.8851457e-01  -2.1848479e-01   1.0000000e+00
   2.3038500e-01   2.1177137e-01   3.0000000e+00
   1.4512443e-01   5.1452373e-02   2.0000000e+00
  -3.6482860e-01  -4.1075159e-01   1.0000000e+00
  -3.0256065e-01  -2.0050509e-01   1.0000000e+00
  -2.4964184e-01  -5.5410846e-02   1.0000000e+00
  -1.1593573e-01  -4.4004369e-02   1.0000000e+00
   3.2499471e-01   2.0191153e-01   2.0000000e+00
   2.9851294e-01   2.5299901e-01   3.0000000e+00
   1.5492090e-01   1.6609713e-01   3.0000000e+00
  -4.5684381e-01  -2.8673032e-01   1.0000000e+00
  -1.2076687e-01  -2.5350601e-03   1.0000000e+00
   3.4038276e-01   2.5527064e-01   3.0000000e+00
   3.0674376e-01   2.6865875e-01   3.0000000e+00
  -5.3578318e-02  -1.1717982e-01   2.0000000e+00
   3.3013897e-01   3.1636296e-01   3.0000000e+00
   4.8652457e-01   4.3255436e-01   3.0000000e+00
   6.1832104e-02   1.4477990e-02   1.0000000e+00
  -4.1768880e-02  -9.8136800e-02   2.0000000e+00
   2.5887974e-01   3.3337601e-01   2.0000000e+00
   1.5201327e-01   1.2946107e-01   3.0000000e+00
  -3.0005562e-01  -3.6652733e-01   1.0000000e+00
   2.2761157e-01   2.2356192e-02   2.0000000e+00
  -2.7021889e-01  -3.3424120e-01   1.0000000e+00
   2.6594751e-01   2.1099805e-01   3.0000000e+00
   2.1987281e-01   1.0075155e-01   2.0000000e+00
   3.4306673e-01   1.8572014e-01   2.0000000e+00
  -1.6494892e-02  -1.0843163e-01   1.0000000e+00
   2.1125327e-02   1.4187995e-02   2.0000000e+00
  -3.5224025e-03  -6.6478994e-02   2.0000000e+00
  -3.7874047e-01  -2.4521268e-01   1.0000000e+00
   1.8122374e-01   1.2424116e-01   3.0000000e+00
   2.4778603e-01   2.5512565e-01   3.0000000e+00
   2.5422754e-01   2.6058722e-01   3.0000000e+00
  -3.9676776e-01  -2.5507252e-01   1.0000000e+00
   1.7384284e-01   1.5125904e-01   3.0000000e+00
  -1.4559353e-01  -7.8272131e-02   1.0000000e+00
   1.5550242e-01   1.5362734e-01   3.0000000e+00
   3.5899158e-01   1.9538664e-01   2.0000000e+00
   2.6393454e-01   2.0041322e-01   3.0000000e+00
   1.8748632e-01   2.6513048e-01   2.0000000e+00
  -1.1395362e-02   8.0016897e-02   1.0000000e+00
  -1.6889928e-01  -1.2645966e-01   1.0000000e+00
   3.7661627e-01   3.9050506e-01   2.0000000e+00
  -4.1859733e-01  -4.2307638e-01   1.0000000e+00
  -2.2879639e-01  -2.3540118e-01   1.0000000e+00
   2.7270216e-01   1.5198403e-01   2.0000000e+00
   3.6028883e-01   2.9988157e-01   3.0000000e+00
   2.6706583e-01   2.7760027e-01   3.0000000e+00
   1.1971625e-01  -2.2834722e-02   2.0000000e+00
   1.6473124e-02  -6.4594026e-02   1.0000000e+00
   3.8699426e-01   2.1824793e-01   2.0000000e+00
  -2.7979169e-01  -8.5908671e-02   1.0000000e+00
   2.6151898e-01   2.7726194e-01   3.0000000e+00
   1.1868739e-01   8.5814213e-03   2.0000000e+00
  -7.2858122e-02  -1.5043260e-01   1.0000000e+00
   1.7412511e-02   1.1297968e-01   1.0000000e+00
  -2.6990576e-01  -2.5898745e-01   1.0000000e+00
  -5.6248404e-03   8.6831784e-02   1.0000000e+00
  -7.1695071e-02   7.8808584e-02   1.0000000e+00
  -1.6541012e-01  -8.0060435e-02   1.0000000e+00
  -2.4346872e-01  -7.0007269e-02   1.0000000e+00
   2.7717543e-01   2.4671579e-01   3.0000000e+00
  -1.3050472e-02   9.9011581e-02   1.0000000e+00
  -4.7360470e-02   8.3641837e-02   1.0000000e+00
   3.7989564e-02   7.2042030e-02   3.0000000e+00
  -1.9623097e-01  -3.7527810e-02   1.0000000e+00
  -2.2020771e-01  -1.4323105e-01   1.0000000e+00
  -3.9761768e-01  -1.9108025e-01   1.0000000e+00
   9.3413406e-02   1.2511115e-01   3.0000000e+00
   2.1862029e-01   1.8717011e-01   3.0000000e+00
  -8.7127860e-02   6.1263877e-02   1.0000000e+00
  -1.0010035e-01  -1.3994444e-01   1.0000000e+00
   4.0001148e-01   2.3501931e-01   2.0000000e+00
  -3.6992813e-01  -1.4820930e-01   1.0000000e+00
  -7.9746961e-02  -5.8552460e-02   1.0000000e+00
  -3.3691538e-01  -2.4849929e-01   1.0000000e+00
  -3.0585699e-02  -1.0664332e-01   1.0000000e+00
   3.5778379e-01   3.4391250e-01   3.0000000e+00
   5.8656081e-02   1.0012323e-01   3.0000000e+00
  -9.8937298e-02  -7.1602242e-02   1.0000000e+00
  -1.3767584e-01  -2.5052926e-01   1.0000000e+00
   8.6121972e-02   1.1428466e-01   3.0000000e+00
   2.5744830e-01   2.3680762e-01   3.0000000e+00
   3.0007858e-01   2.5855726e-01   3.0000000e+00
  -1.9757295e-01  -2.4709765e-01   1.0000000e+00
   3.7138254e-01   1.7107538e-01   2.0000000e+00
   5.7372710e-03  -1.1983811e-01   2.0000000e+00
  -8.7440989e-02  -1.5429920e-01   2.0000000e+00
   1.1971625e-01   1.3052439e-01   3.0000000e+00
   1.7880817e-01   1.5894392e-01   3.0000000e+00
   2.1732305e-01   2.0355484e-01   3.0000000e+00
   6.0221726e-02   1.6783710e-01   1.0000000e+00
  -6.9279504e-02   1.7039614e-02   1.0000000e+00
  -2.0468545e-01  -1.6681732e-01   1.0000000e+00
   2.0305331e-01   1.5193570e-01   3.0000000e+00
  -2.8796390e-02  -1.0968827e-01   2.0000000e+00
   2.3585627e-02   1.0698645e-01   1.0000000e+00
  -3.6500753e-01  -3.7015227e-01   1.0000000e+00
  -2.9016968e-01  -1.4743598e-01   1.0000000e+00
  -2.4024797e-01  -1.5502419e-01   1.0000000e+00
   3.9611974e-01   1.3835426e-01   2.0000000e+00
   2.9028212e-01   2.9659495e-01   3.0000000e+00
   1.1931365e-01  -4.3424379e-02   2.0000000e+00
   1.9155700e-01   2.2124454e-01   3.0000000e+00
